250 3750 15
968 3750 3 18 17 19
1000 3750 4 19 2 18 20
1031 3750 5 20 3 19 21
1062 3750 6 21 4 20
1093 3750 7 5 21
1125 3750 6
3500 3750 9
3531 3750 10 8 22
3562 3750 11 22 9 23
3593 3750 12 23 10 22 24
3625 3750 13 24 11 23 25
3656 3750 25 12 24 26
3718 3750 26
281 3719 1 27
906 3719 17 30 29 31
937 3719 18 31 16 2 30 32
968 3719 2 19 32 17 3 31 33
1000 3719 3 20 33 18 2 4 32
1031 3719 4 21 19 3 5 33
1062 3719 5 20 4 6
3562 3719 10 23 9 11
3593 3719 11 24 22 10 12 34
3625 3719 12 25 34 23 11 13 35
3656 3719 13 26 35 24 12 34 36
3687 3719 36 25 13 14 35 37
312 3688 15 38
843 3688 29 40 39 41
875 3688 30 41 28 16 40 42
906 3688 16 31 42 29 17 41 43
937 3688 17 32 43 30 16 18 42
968 3688 18 33 31 17 19 43
1000 3688 19 32 18 20
3625 3688 24 35 23 25 44
3656 3688 25 36 44 34 24 26 45
3687 3688 26 37 45 35 25 44 46
3718 3688 46 36 26 45
343 3657 27 47
812 3657 40 49 28 48 50
843 3657 28 41 50 39 29 49 51
875 3657 29 42 51 40 28 30 50
906 3657 30 43 41 29 31 51
937 3657 31 42 30 32
3656 3657 35 45 34 36 52
3687 3657 36 46 52 44 35 37 53
3718 3657 37 53 45 36 52
375 3625 38 54
781 3625 49 56 39 55 57
812 3625 39 50 57 48 40 56 58
843 3625 40 51 58 49 39 41 57
875 3625 41 50 40 42 58
3687 3625 45 53 59 44 46 60
3718 3625 46 60 52 45 59
406 3594 47 61
750 3594 56 63 48 62 64
781 3594 48 57 64 55 49 63 65
812 3594 49 58 65 56 48 50 64
843 3594 50 57 49 51 65
3687 3594 52 60 66 53 67
3718 3594 53 67 59 52 66
437 3563 54 68
718 3563 63 70 55 69 71
750 3563 55 64 71 62 56 70 72
781 3563 56 65 72 63 55 57 71
812 3563 57 64 56 58 72
3687 3563 59 67 73 60 74
3718 3563 60 74 66 59 73
468 3532 61 75
687 3532 70 77 62 76 78
718 3532 62 71 78 69 63 77 79
750 3532 63 72 79 70 62 64 78
781 3532 64 71 63 65 79
3687 3532 66 74 80 67 81
3718 3532 67 81 73 66 80
500 3500 68 82
656 3500 77 84 69 83 85
687 3500 69 78 85 76 70 84 86
718 3500 70 79 86 77 69 71 85
750 3500 71 78 70 72 86
3687 3500 73 81 87 74 88
3718 3500 74 88 80 73 87
531 3469 75 89
625 3469 84 91 76 90 92
656 3469 76 85 92 83 77 91 93
687 3469 77 86 93 84 76 78 92
718 3469 78 85 77 79 93
3687 3469 80 88 94 81 95
3718 3469 81 95 87 80 94
562 3438 90 82 96
593 3438 91 96 89 83 97
625 3438 83 92 97 90 84 96 98
656 3438 84 93 98 91 83 85 97
687 3438 85 92 84 86 98
3687 3438 87 95 99 88 100
3718 3438 88 100 94 87 99
593 3407 90 97 101 89 91 102
625 3407 91 98 102 96 90 92 101
656 3407 92 97 91 93 102
3687 3407 94 100 103 95 104
3718 3407 95 104 99 94 103
593 3375 96 102 105 97 106
625 3375 97 106 101 96 98 105
3687 3375 99 104 107 100 108
3718 3375 100 108 103 99 107
593 3344 101 106 109 102 110
625 3344 102 110 105 101 109
3687 3344 103 108 111 104 112
3718 3344 104 112 107 103 111
593 3313 105 110 113 106 114
625 3313 106 114 109 105 113
3687 3313 107 112 115 108 116
3718 3313 108 116 111 107 115
593 3282 109 114 117 110 118
625 3282 110 118 113 109 117
3687 3282 111 116 119 112 120
3718 3282 112 120 115 111 119
593 3250 113 118 121 114 122
625 3250 114 122 117 113 121
3687 3250 115 120 123 116 124
3718 3250 116 124 119 115 123
593 3219 117 122 125 118 126
625 3219 118 126 121 117 125
3687 3219 119 124 128 120 127 129
3718 3219 120 129 123 119 128
593 3188 121 126 130 122 131
625 3188 122 131 125 121 130 132
3656 3188 128 133 123 134
3687 3188 123 129 134 127 124 133 135
3718 3188 124 135 128 123 134
593 3157 125 131 136 126 137
625 3157 126 132 137 130 125 136 138
656 3157 138 131 126 137
3656 3157 127 134 140 128 139 141
3687 3157 128 135 141 133 127 129 140
3718 3157 129 134 128 141
593 3125 130 137 131 142
625 3125 131 138 142 136 130 132 143
656 3125 132 143 137 131 142 144
3625 3125 140 145 133 146
3656 3125 133 141 146 139 134 145 147
3687 3125 134 147 140 133 135 146
625 3094 137 143 148 136 138 149
656 3094 138 144 149 142 137 148 150
687 3094 150 143 138 149
3625 3094 139 146 152 140 151 153
3656 3094 140 147 153 145 139 141 152
3687 3094 141 146 140 153
625 3063 142 149 143 154
656 3063 143 150 154 148 142 144 155
687 3063 144 155 149 143 154 156
3593 3063 152 157 145 158
3625 3063 145 153 158 151 146 157 159
3656 3063 146 159 152 145 147 158
656 3032 149 155 160 148 150 161
687 3032 150 156 161 154 149 160 162
718 3032 162 155 150 161
3593 3032 151 158 223 152 222 224
3625 3032 152 159 224 157 151 153 223
3656 3032 153 158 152 224
656 3000 154 161 155 225
687 3000 155 162 225 160 154 156 226
718 3000 156 226 161 155 225 227
1312 3000 164 230 229 231
1343 3000 165 231 163 230 232
1375 3000 166 232 164 231 233
1406 3000 167 233 165 232 234
1437 3000 168 234 166 233 235
1468 3000 169 235 167 234 236
1500 3000 170 236 168 235 237
1531 3000 171 237 169 236 238
1562 3000 172 238 170 237 239
1593 3000 173 239 171 238 240
1625 3000 174 240 172 239 241
1656 3000 175 241 173 240 242
1687 3000 176 242 174 241 243
1718 3000 177 243 175 242 244
1750 3000 178 244 176 243 245
1781 3000 179 245 177 244 246
1812 3000 180 246 178 245 247
1843 3000 181 247 179 246 248
1875 3000 182 248 180 247 249
1906 3000 183 249 181 248 250
1937 3000 184 250 182 249 251
1968 3000 185 251 183 250 252
2000 3000 186 252 184 251 253
2031 3000 187 253 185 252 254
2062 3000 188 254 186 253 255
2093 3000 189 255 187 254 256
2125 3000 190 256 188 255 257
2156 3000 191 257 189 256 258
2187 3000 192 258 190 257 259
2218 3000 193 259 191 258 260
2250 3000 194 260 192 259 261
2281 3000 195 261 193 260 262
2312 3000 196 262 194 261 263
2343 3000 197 263 195 262 264
2375 3000 198 264 196 263 265
2406 3000 199 265 197 264 266
2437 3000 200 266 198 265 267
2468 3000 201 267 199 266 268
2500 3000 202 268 200 267 269
2531 3000 203 269 201 268 270
2562 3000 204 270 202 269 271
2593 3000 205 271 203 270 272
2625 3000 206 272 204 271 273
2656 3000 207 273 205 272 274
2687 3000 208 274 206 273 275
2718 3000 209 275 207 274 276
2750 3000 210 276 208 275 277
2781 3000 211 277 209 276 278
2812 3000 212 278 210 277 279
2843 3000 213 279 211 278 280
2875 3000 214 280 212 279 281
2906 3000 215 281 213 280 282
2937 3000 216 282 214 281 283
2968 3000 217 283 215 282 284
3000 3000 218 284 216 283 285
3031 3000 219 285 217 284 286
3062 3000 220 286 218 285 287
3093 3000 221 287 219 286 288
3125 3000 288 220 287 289
3562 3000 223 294 157 295
3593 3000 157 224 295 222 158 294 296
3625 3000 158 296 223 157 159 295
687 2969 161 226 297 160 162 298
718 2969 162 227 298 225 161 297 299
750 2969 299 226 162 298
1250 2969 229 302 301 303
1281 2969 230 303 228 163 302 304
1312 2969 163 231 304 229 164 303 305
1343 2969 164 232 305 230 163 165 304
1375 2969 165 233 231 164 166 305
1406 2969 166 234 232 165 167
1437 2969 167 235 233 166 168
1468 2969 168 236 234 167 169
1500 2969 169 237 235 168 170
1531 2969 170 238 236 169 171
1562 2969 171 239 237 170 172
1593 2969 172 240 238 171 173
1625 2969 173 241 239 172 174
1656 2969 174 242 240 173 175
1687 2969 175 243 241 174 176
1718 2969 176 244 242 175 177
1750 2969 177 245 243 176 178
1781 2969 178 246 244 177 179
1812 2969 179 247 245 178 180
1843 2969 180 248 246 179 181
1875 2969 181 249 247 180 182
1906 2969 182 250 248 181 183
1937 2969 183 251 249 182 184
1968 2969 184 252 250 183 185
2000 2969 185 253 251 184 186
2031 2969 186 254 252 185 187
2062 2969 187 255 253 186 188
2093 2969 188 256 254 187 189
2125 2969 189 257 255 188 190
2156 2969 190 258 256 189 191
2187 2969 191 259 257 190 192
2218 2969 192 260 258 191 193
2250 2969 193 261 259 192 194
2281 2969 194 262 260 193 195
2312 2969 195 263 261 194 196
2343 2969 196 264 262 195 197
2375 2969 197 265 263 196 198
2406 2969 198 266 264 197 199
2437 2969 199 267 265 198 200
2468 2969 200 268 266 199 201
2500 2969 201 269 267 200 202
2531 2969 202 270 268 201 203
2562 2969 203 271 269 202 204
2593 2969 204 272 270 203 205
2625 2969 205 273 271 204 206
2656 2969 206 274 272 205 207
2687 2969 207 275 273 206 208
2718 2969 208 276 274 207 209
2750 2969 209 277 275 208 210
2781 2969 210 278 276 209 211
2812 2969 211 279 277 210 212
2843 2969 212 280 278 211 213
2875 2969 213 281 279 212 214
2906 2969 214 282 280 213 215
2937 2969 215 283 281 214 216
2968 2969 216 284 282 215 217
3000 2969 217 285 283 216 218
3031 2969 218 286 284 217 219
3062 2969 219 287 285 218 220 306
3093 2969 220 288 306 286 219 221 307
3125 2969 221 289 307 287 220 306 308
3156 2969 290 308 288 221 307 309
3187 2969 291 309 289 308 310
3218 2969 292 310 290 309 311
3250 2969 293 311 291 310 312
3281 2969 312 292 311 313
3562 2969 222 295 316 223 315 317
3593 2969 223 296 317 294 222 224 316
3625 2969 224 295 223 317
687 2938 225 298 226 318
718 2938 226 299 318 297 225 227 319
750 2938 227 319 298 226 318 320
1187 2938 301 333 332 334
1218 2938 302 334 300 228 333 335
1250 2938 228 303 335 301 229 334 336
1281 2938 229 304 336 302 228 230 335
1312 2938 230 305 303 229 231 336
1343 2938 231 304 230 232
3093 2938 287 307 286 288
3125 2938 288 308 306 287 289
3156 2938 289 309 307 288 290
3187 2938 290 310 308 289 291
3218 2938 291 311 309 290 292 337
3250 2938 292 312 337 310 291 293 338
3281 2938 293 313 338 311 292 337 339
3312 2938 314 339 312 293 338 340
3343 2938 340 313 339 341
3531 2938 316 343 294 344
3562 2938 294 317 344 315 295 343 345
3593 2938 295 345 316 294 296 344
718 2907 298 319 346 297 299 347
750 2907 299 320 347 318 298 346 348
781 2907 321 348 319 299 347 349
812 2907 322 349 320 348 350
843 2907 323 350 321 349 351
875 2907 324 351 322 350 352
906 2907 325 352 323 351 353
937 2907 326 353 324 352 354
968 2907 327 354 325 353 355
1000 2907 328 355 326 354 356
1031 2907 329 356 327 355 357
1062 2907 330 357 328 356 358
1093 2907 331 358 329 357 359
1125 2907 332 359 330 358 360
1156 2907 333 360 331 300 359 361
1187 2907 300 334 361 332 301 360 362
1218 2907 301 335 362 333 300 302 361
1250 2907 302 336 334 301 303 362
1281 2907 303 335 302 304
3250 2907 311 338 310 312
3281 2907 312 339 337 311 313 363
3312 2907 313 340 363 338 312 314 364
3343 2907 314 341 364 339 313 363 365
3375 2907 342 365 340 314 364 366
3406 2907 366 341 365 367
3531 2907 315 344 370 316 369 371
3562 2907 316 345 371 343 315 317 370
3593 2907 317 344 316 371
718 2875 318 347 373 319 372 374
750 2875 319 348 374 346 318 320 373
781 2875 320 349 347 319 321 374
812 2875 321 350 348 320 322
843 2875 322 351 349 321 323
875 2875 323 352 350 322 324
906 2875 324 353 351 323 325
937 2875 325 354 352 324 326
968 2875 326 355 353 325 327
1000 2875 327 356 354 326 328
1031 2875 328 357 355 327 329
1062 2875 329 358 356 328 330
1093 2875 330 359 357 329 331
1125 2875 331 360 358 330 332
1156 2875 332 361 359 331 333
1187 2875 333 362 360 332 334
1218 2875 334 361 333 335
3312 2875 339 364 338 340
3343 2875 340 365 363 339 341 375
3375 2875 341 366 375 364 340 342 376
3406 2875 342 367 376 365 341 375 377
3437 2875 368 377 366 342 376 378
3468 2875 369 378 367 377 379
3500 2875 370 379 368 343 378 380
3531 2875 343 371 380 369 344 379 381
3562 2875 344 381 370 343 345 380
687 2844 373 382 346 383
718 2844 346 374 383 372 347 382 384
750 2844 347 384 373 346 348 383
3375 2844 365 376 364 366
3406 2844 366 377 375 365 367
3437 2844 367 378 376 366 368
3468 2844 368 379 377 367 369 385
3500 2844 369 380 385 378 368 370 386
3531 2844 370 381 386 379 369 371 385 387
3562 2844 371 387 380 370 386
687 2813 372 383 389 373 388 390
718 2813 373 384 390 382 372 374 389
750 2813 374 383 373 390
3500 2813 379 386 378 380 391
3531 2813 380 387 391 385 379 381 392
3562 2813 381 392 386 380 391 393
656 2782 389 394 382 395
687 2782 382 390 395 388 383 394 396
718 2782 383 396 389 382 384 395
3531 2782 386 392 397 385 387 398
3562 2782 387 393 398 391 386 397 399
3593 2782 399 392 387 398
656 2750 388 395 400 389 401
687 2750 389 396 401 394 388 390 400
718 2750 390 395 389 401
3531 2750 391 398 392 402
3562 2750 392 399 402 397 391 393 403
3593 2750 393 403 398 392 402 404
656 2719 394 401 405 395 406
687 2719 395 406 400 394 396 405
3562 2719 398 403 407 397 399 408
3593 2719 399 404 408 402 398 407 409
3625 2719 409 403 399 408 410
656 2688 400 406 411 401 412
687 2688 401 412 405 400 411
3562 2688 402 408 403 413
3593 2688 403 409 413 407 402 404 414
3625 2688 404 410 414 408 403 413 415
3656 2688 415 409 404 414
656 2657 405 412 416 406 417
687 2657 406 417 411 405 416 418
3593 2657 408 414 407 409 419
3625 2657 409 415 419 413 408 410 420
3656 2657 410 420 414 409 419
656 2625 411 417 422 412 421 423
687 2625 412 418 423 416 411 422 424
718 2625 424 417 412 423 425
3625 2625 414 420 427 413 415 428
3656 2625 415 428 419 414 427 429
625 2594 422 431 416 430 432
656 2594 416 423 432 421 417 431 433
687 2594 417 424 433 422 416 418 432 434
718 2594 418 425 434 423 417 433 435
750 2594 426 435 424 418 434 436
781 2594 436 425 435 437
3625 2594 419 428 439 420 440
3656 2594 420 429 440 427 419 439 441
3687 2594 441 428 420 440
593 2563 431 443 421 442 444
625 2563 421 432 444 430 422 443 445
656 2563 422 433 445 431 421 423 444
687 2563 423 434 432 422 424 445
718 2563 424 435 433 423 425 446
750 2563 425 436 446 434 424 426 447
781 2563 426 437 447 435 425 446 448
812 2563 438 448 436 426 447 449
843 2563 449 437 448 450
3625 2563 427 440 428 452
3656 2563 428 441 452 439 427 429 453
3687 2563 429 453 440 428 452
562 2532 443 455 430 454 456
593 2532 430 444 456 442 431 455 457
625 2532 431 445 457 443 430 432 456
656 2532 432 444 431 433 457
750 2532 435 447 434 436
781 2532 436 448 446 435 437 458
812 2532 437 449 458 447 436 438 459
843 2532 438 450 459 448 437 458 460
875 2532 451 460 449 438 459 461
906 2532 461 450 460 462
3656 2532 440 453 464 439 441 465
3687 2532 441 465 452 440 464
531 2500 455 467 442 466 468
562 2500 442 456 468 454 443 467 469
593 2500 443 457 469 455 442 444 468
625 2500 444 456 443 445 469
812 2500 448 459 447 449
843 2500 449 460 458 448 450 470
875 2500 450 461 470 459 449 451 471
906 2500 451 462 471 460 450 470 472
937 2500 463 472 461 451 471 473
968 2500 473 462 472 474
3656 2500 452 465 476 453 477
3687 2500 453 477 464 452 476
500 2469 467 479 454 478 480
531 2469 454 468 480 466 455 479 481
562 2469 455 469 481 467 454 456 480
593 2469 456 468 455 457 481
875 2469 460 471 459 461
906 2469 461 472 470 460 462 482
937 2469 462 473 482 471 461 463 483
968 2469 463 474 483 472 462 482 484
1000 2469 475 484 473 463 483 485
1031 2469 485 474 484 486
3656 2469 464 477 487 465 488
3687 2469 465 488 476 464 487
468 2438 479 489 466 490
500 2438 466 480 490 478 467 489 491
531 2438 467 481 491 479 466 468 490
562 2438 468 480 467 469 491
937 2438 472 483 471 473
968 2438 473 484 482 472 474 492
1000 2438 474 485 492 483 473 475 493
1031 2438 475 486 493 484 474 492 494
1062 2438 494 485 475 493 495
3656 2438 476 488 496 477 497
3687 2438 477 497 487 476 496
468 2407 478 490 499 479 498 500
500 2407 479 491 500 489 478 480 499
531 2407 480 490 479 481 500
1000 2407 484 493 483 485 501
1031 2407 485 494 501 492 484 486 502
1062 2407 486 495 502 493 485 501 503
1093 2407 503 494 486 502 504
3656 2407 487 497 505 488 506
3687 2407 488 506 496 487 505
437 2375 499 507 489 508
468 2375 489 500 508 498 490 507 509
500 2375 490 509 499 489 491 508
1031 2375 493 502 492 494 510
1062 2375 494 503 510 501 493 495 511
1093 2375 495 504 511 502 494 510 512
1125 2375 512 503 495 511 513
3656 2375 496 506 514 497 515
3687 2375 497 515 505 496 514
437 2344 498 508 517 499 516 518
468 2344 499 509 518 507 498 500 517
500 2344 500 508 499 518
1062 2344 502 511 501 503 519
1093 2344 503 512 519 510 502 504 520
1125 2344 504 513 520 511 503 519 521
1156 2344 521 512 504 520 522
3656 2344 505 515 523 506 524
3687 2344 506 524 514 505 523 525
406 2313 517 526 507 527
437 2313 507 518 527 516 508 526 528
468 2313 508 528 517 507 509 527
1093 2313 511 520 510 512 529
1125 2313 512 521 529 519 511 513 530
1156 2313 513 522 530 520 512 529 531
1187 2313 531 521 513 530 532
3656 2313 514 524 554 515 555
3687 2313 515 525 555 523 514 554 556
3718 2313 556 524 515 555
406 2282 516 527 558 517 557 559
437 2282 517 528 559 526 516 518 558
468 2282 518 527 517 559
1125 2282 520 530 519 521 560
1156 2282 521 531 560 529 520 522 561
1187 2282 522 532 561 530 521 560 562
1218 2282 562 531 522 561 563
1875 2282 534 566 565 567
1906 2282 535 567 533 566 568
1937 2282 536 568 534 567 569
1968 2282 537 569 535 568 570
2000 2282 538 570 536 569 571
2031 2282 539 571 537 570 572
2062 2282 540 572 538 571 573
2093 2282 541 573 539 572 574
2125 2282 542 574 540 573 575
2156 2282 543 575 541 574 576
2187 2282 544 576 542 575 577
2218 2282 545 577 543 576 578
2250 2282 546 578 544 577 579
2281 2282 547 579 545 578 580
2312 2282 548 580 546 579 581
2343 2282 549 581 547 580 582
2375 2282 550 582 548 581 583
2406 2282 551 583 549 582 584
2437 2282 552 584 550 583 585
2468 2282 553 585 551 584 586
2500 2282 586 552 585 587
3656 2282 523 555 524 589
3687 2282 524 556 589 554 523 525 590
3718 2282 525 590 555 524 589
375 2250 558 591 526 592
406 2250 526 559 592 557 527 591 593
437 2250 527 593 558 526 528 592
1156 2250 530 561 529 531 594
1187 2250 531 562 594 560 530 532 595
1218 2250 532 563 595 561 531 594 596
1250 2250 596 562 532 595 597
1812 2250 565 600 599 601
1843 2250 566 601 564 533 600 602
1875 2250 533 567 602 565 534 601 603
1906 2250 534 568 603 566 533 535 602
1937 2250 535 569 567 534 536 603
1968 2250 536 570 568 535 537
2000 2250 537 571 569 536 538
2031 2250 538 572 570 537 539
2062 2250 539 573 571 538 540
2093 2250 540 574 572 539 541
2125 2250 541 575 573 540 542
2156 2250 542 576 574 541 543
2187 2250 543 577 575 542 544
2218 2250 544 578 576 543 545
2250 2250 545 579 577 544 546
2281 2250 546 580 578 545 547
2312 2250 547 581 579 546 548
2343 2250 548 582 580 547 549
2375 2250 549 583 581 548 550
2406 2250 550 584 582 549 551
2437 2250 551 585 583 550 552 604
2468 2250 552 586 604 584 551 553 605
2500 2250 553 587 605 585 552 604 606
2531 2250 588 606 586 553 605 607
2562 2250 607 587 606 608
3687 2250 555 590 610 554 556 611
3718 2250 556 611 589 555 610
375 2219 557 592 613 558 612 614
406 2219 558 593 614 591 557 559 613
437 2219 559 592 558 614
1187 2219 561 595 560 562 615
1218 2219 562 596 615 594 561 563 616
1250 2219 563 597 616 595 562 615 617
1281 2219 617 596 563 616 618
1750 2219 599 621 620 622
1781 2219 600 622 598 564 621 623
1812 2219 564 601 623 599 565 622 624
1843 2219 565 602 624 600 564 566 623
1875 2219 566 603 601 565 567 624
1906 2219 567 602 566 568
2468 2219 585 605 584 586
2500 2219 586 606 604 585 587 625
2531 2219 587 607 625 605 586 588 626
2562 2219 588 608 626 606 587 625 627
2593 2219 609 627 607 588 626 628
2625 2219 628 608 627 629
3687 2219 589 611 631 590 632
3718 2219 590 632 610 589 631
343 2188 613 633 591 634
375 2188 591 614 634 612 592 633 635
406 2188 592 635 613 591 593 634
1218 2188 595 616 594 596 636
1250 2188 596 617 636 615 595 597 637
1281 2188 597 618 637 616 596 636 638
1312 2188 638 617 597 637 639
1687 2188 620 642 641 643
1718 2188 621 643 619 598 642 644
1750 2188 598 622 644 620 599 643 645
1781 2188 599 623 645 621 598 600 644
1812 2188 600 624 622 599 601 645
1843 2188 601 623 600 602
2531 2188 606 626 605 607
2562 2188 607 627 625 606 608 646
2593 2188 608 628 646 626 607 609 647
2625 2188 609 629 647 627 608 646 648
2656 2188 630 648 628 609 647 649
2687 2188 649 629 648 650
3687 2188 610 632 652 611 653
3718 2188 611 653 631 610 652
343 2157 612 634 655 613 654 656
375 2157 613 635 656 633 612 614 655
406 2157 614 634 613 656
1250 2157 616 637 615 617 657
1281 2157 617 638 657 636 616 618 658
1312 2157 618 639 658 637 617 657 659
1343 2157 659 638 618 658 660
1625 2157 641 663 662 664
1656 2157 642 664 640 619 663 665
1687 2157 619 643 665 641 620 664 666
1718 2157 620 644 666 642 619 621 665
1750 2157 621 645 643 620 622 666
1781 2157 622 644 621 623
2593 2157 627 647 626 628
2625 2157 628 648 646 627 629 667
2656 2157 629 649 667 647 628 630 668
2687 2157 630 650 668 648 629 667 669
2718 2157 651 669 649 630 668 670
2750 2157 670 650 669 671
3687 2157 631 653 672 632 673
3718 2157 632 673 652 631 672
312 2125 655 674 633 675
343 2125 633 656 675 654 634 674 676
375 2125 634 676 655 633 635 675
1281 2125 637 658 636 638 677
1312 2125 638 659 677 657 637 639 678
1343 2125 639 660 678 658 638 677 679
1375 2125 679 659 639 678 680
1562 2125 662 684 683 685
1593 2125 663 685 661 640 684 686
1625 2125 640 664 686 662 641 685 687
1656 2125 641 665 687 663 640 642 686
1687 2125 642 666 664 641 643 687
1718 2125 643 665 642 644
2656 2125 648 668 647 649
2687 2125 649 669 667 648 650 688
2718 2125 650 670 688 668 649 651 689
2750 2125 651 671 689 669 650 688 690
2781 2125 690 670 651 689 691
3687 2125 652 673 692 653 693
3718 2125 653 693 672 652 692
312 2094 654 675 695 655 694 696
343 2094 655 676 696 674 654 656 695
375 2094 656 675 655 696
1312 2094 658 678 657 659 697
1343 2094 659 679 697 677 658 660 698
1375 2094 660 680 698 678 659 697 699
1406 2094 681 699 679 660 698 700
1437 2094 700 680 699 701
1500 2094 683 702 701 703
1531 2094 684 703 682 661 702 704
1562 2094 661 685 704 683 662 703 705
1593 2094 662 686 705 684 661 663 704
1625 2094 663 687 685 662 664 705
1656 2094 664 686 663 665
2718 2094 669 689 668 670 706
2750 2094 670 690 706 688 669 671 707
2781 2094 671 691 707 689 670 706 708
2812 2094 708 690 671 707
3687 2094 672 693 709 673 710
3718 2094 673 710 692 672 709
281 2063 695 711 674 712
312 2063 674 696 712 694 675 711 713
343 2063 675 713 695 674 676 712
1343 2063 678 698 677 679
1375 2063 679 699 697 678 680 714
1406 2063 680 700 714 698 679 681 715
1437 2063 681 701 715 699 680 714 716
1468 2063 702 716 700 681 682 715 717
1500 2063 682 703 717 701 683 716 718
1531 2063 683 704 718 702 682 684 717
1562 2063 684 705 703 683 685 718
1593 2063 685 704 684 686
2750 2063 689 707 688 690 719
2781 2063 690 708 719 706 689 691 720
2812 2063 691 720 707 690 719 721
3687 2063 692 710 722 693 723
3718 2063 693 723 709 692 722
281 2032 694 712 725 695 724 726
312 2032 695 713 726 711 694 696 725
343 2032 696 712 695 726
1406 2032 699 715 698 700
1437 2032 700 716 714 699 701
1468 2032 701 717 715 700 702
1500 2032 702 718 716 701 703
1531 2032 703 717 702 704
2781 2032 707 720 727 706 708 728
2812 2032 708 721 728 719 707 727 729
2843 2032 729 720 708 728
3687 2032 709 723 730 710 731
3718 2032 710 731 722 709 730
250 2000 725 732 711 733
281 2000 711 726 733 724 712 732 734
312 2000 712 734 725 711 713 733
2781 2000 719 728 720 735
2812 2000 720 729 735 727 719 721 736
2843 2000 721 736 728 720 735 737
3687 2000 722 731 738 723 739
3718 2000 723 739 730 722 738
250 1969 724 733 740 725 741
281 1969 725 734 741 732 724 726 740
312 1969 726 733 725 741
2812 1969 728 736 742 727 729 743
2843 1969 729 737 743 735 728 742 744
2875 1969 744 736 729 743
3687 1969 730 739 745 731 746
3718 1969 731 746 738 730 745
250 1938 732 741 747 733 748
281 1938 733 748 740 732 734 747
2812 1938 735 743 736 749
2843 1938 736 744 749 742 735 737 750
2875 1938 737 750 743 736 749
3687 1938 738 746 751 739 752
3718 1938 739 752 745 738 751
250 1907 740 748 753 741 754
281 1907 741 754 747 740 753
2843 1907 743 750 755 742 744 756
2875 1907 744 756 749 743 755
3687 1907 745 752 757 746 758
3718 1907 746 758 751 745 757
250 1875 747 754 759 748 760
281 1875 748 760 753 747 759
2843 1875 749 756 761 750 762
2875 1875 750 762 755 749 761
3687 1875 751 758 763 752 764
3718 1875 752 764 757 751 763
250 1844 753 760 765 754 766
281 1844 754 766 759 753 765
2843 1844 755 762 767 756 768
2875 1844 756 768 761 755 767
3687 1844 757 764 769 758 770
3718 1844 758 770 763 757 769
250 1813 759 766 771 760 772
281 1813 760 772 765 759 771
2843 1813 761 768 773 762 774
2875 1813 762 774 767 761 773
3687 1813 763 770 775 764 776
3718 1813 764 776 769 763 775
250 1782 765 772 777 766 778
281 1782 766 778 771 765 777
2843 1782 767 774 779 768 780
2875 1782 768 780 773 767 779
3687 1782 769 776 781 770 782
3718 1782 770 782 775 769 781
250 1750 771 778 783 772 784
281 1750 772 784 777 771 783
2843 1750 773 780 785 774 786
2875 1750 774 786 779 773 785
3687 1750 775 782 787 776 788
3718 1750 776 788 781 775 787
250 1719 777 784 789 778 790
281 1719 778 790 783 777 789
2843 1719 779 786 791 780 792
2875 1719 780 792 785 779 791
3687 1719 781 788 793 782 794
3718 1719 782 794 787 781 793
250 1688 783 790 795 784 796
281 1688 784 796 789 783 795
2843 1688 785 792 797 786 798
2875 1688 786 798 791 785 797
3687 1688 787 794 799 788 800
3718 1688 788 800 793 787 799
250 1657 789 796 801 790 802
281 1657 790 802 795 789 801
2843 1657 791 798 803 792 804
2875 1657 792 804 797 791 803
3687 1657 793 800 805 794 806
3718 1657 794 806 799 793 805
250 1625 795 802 807 796 808
281 1625 796 808 801 795 807
2843 1625 797 804 809 798 810
2875 1625 798 810 803 797 809
3687 1625 799 806 811 800 812
3718 1625 800 812 805 799 811
250 1594 801 808 813 802 814
281 1594 802 814 807 801 813
2843 1594 803 810 815 804 816
2875 1594 804 816 809 803 815
3687 1594 805 812 817 806 818
3718 1594 806 818 811 805 817
250 1563 807 814 819 808 820
281 1563 808 820 813 807 819
2843 1563 809 816 821 810 822
2875 1563 810 822 815 809 821
3687 1563 811 818 823 812 824
3718 1563 812 824 817 811 823
250 1532 813 820 825 814 826
281 1532 814 826 819 813 825
2843 1532 815 822 827 816 828
2875 1532 816 828 821 815 827
3687 1532 817 824 830 818 829 831
3718 1532 818 831 823 817 830
250 1500 819 826 832 820 833
281 1500 820 833 825 819 832
2843 1500 821 828 834 822 835
2875 1500 822 835 827 821 834 836
3656 1500 830 837 823 838
3687 1500 823 831 838 829 824 837 839
3718 1500 824 839 830 823 838
250 1469 825 833 840 826 841
281 1469 826 841 832 825 840
2843 1469 827 835 844 828 843 845
2875 1469 828 836 845 834 827 844 846
2906 1469 846 835 828 845 847
3656 1469 829 838 849 830 848 850
3687 1469 830 839 850 837 829 831 849
3718 1469 831 838 830 850
250 1438 832 841 851 833 852
281 1438 833 852 840 832 851
2781 1438 843 853 854
2812 1438 844 854 842 834 853 855
2843 1438 834 845 855 843 835 854 856
2875 1438 835 846 856 844 834 836 855 857
2906 1438 836 847 857 845 835 856 858
2937 1438 858 846 836 857 859
3625 1438 849 860 837 861
3656 1438 837 850 861 848 838 860 862
3687 1438 838 862 849 837 839 861
250 1407 840 852 863 841 864
281 1407 841 864 851 840 863
2781 1407 842 854 866 843 865 867
2812 1407 843 855 867 853 842 844 866
2843 1407 844 856 854 843 845 867
2875 1407 845 857 855 844 846 868
2906 1407 846 858 868 856 845 847 869
2937 1407 847 859 869 857 846 868 870
2968 1407 870 858 847 869 871
3625 1407 848 861 873 849 872 874
3656 1407 849 862 874 860 848 850 873
3687 1407 850 861 849 874
250 1375 851 864 875 852 876
281 1375 852 876 863 851 875
2750 1375 866 877 853 878
2781 1375 853 867 878 865 854 877 879
2812 1375 854 879 866 853 855 878
2906 1375 857 869 856 858 880
2937 1375 858 870 880 868 857 859 881
2968 1375 859 871 881 869 858 880 882
3000 1375 882 870 859 881 883
3593 1375 873 884 860 885
3625 1375 860 874 885 872 861 884 886
3656 1375 861 886 873 860 862 885
250 1344 863 876 887 864 888
281 1344 864 888 875 863 887
2750 1344 865 878 890 866 889 891
2781 1344 866 879 891 877 865 867 890
2812 1344 867 878 866 891
2937 1344 869 881 868 870 892
2968 1344 870 882 892 880 869 871 893
3000 1344 871 883 893 881 870 892 894
3031 1344 894 882 871 893 895
3593 1344 872 885 897 873 896 898
3625 1344 873 886 898 884 872 874 897
3656 1344 874 885 873 898
250 1313 875 888 899 876 900
281 1313 876 900 887 875 899
2718 1313 890 901 877 902
2750 1313 877 891 902 889 878 901 903
2781 1313 878 903 890 877 879 902
2968 1313 881 893 880 882 904
3000 1313 882 894 904 892 881 883 905
3031 1313 883 895 905 893 882 904 906
3062 1313 906 894 883 905 907
3562 1313 897 908 884 909
3593 1313 884 898 909 896 885 908 910
3625 1313 885 910 897 884 886 909
250 1282 887 900 911 888 912
281 1282 888 912 899 887 911
2718 1282 889 902 914 890 913 915
2750 1282 890 903 915 901 889 891 914
2781 1282 891 902 890 915
3000 1282 893 905 892 894 916
3031 1282 894 906 916 904 893 895 917
3062 1282 895 907 917 905 894 916 918
3093 1282 918 906 895 917 919
3562 1282 896 909 921 897 920 922
3593 1282 897 910 922 908 896 898 921
3625 1282 898 909 897 922
250 1250 899 912 923 900 924
281 1250 900 924 911 899 923
2687 1250 914 926 901 925 927
2718 1250 901 915 927 913 902 926 928
2750 1250 902 928 914 901 903 927
3031 1250 905 917 904 906 929
3062 1250 906 918 929 916 905 907 930
3093 1250 907 919 930 917 906 929 931
3125 1250 931 918 907 930 932
3531 1250 921 933 908 934
3562 1250 908 922 934 920 909 933 935
3593 1250 909 935 921 908 910 934
250 1219 911 924 936 912 937
281 1219 912 937 923 911 936 938
2656 1219 926 940 913 939 941
2687 1219 913 927 941 925 914 940 942
2718 1219 914 928 942 926 913 915 941
2750 1219 915 927 914 942
3062 1219 917 930 916 918 943
3093 1219 918 931 943 929 917 919 944
3125 1219 919 932 944 930 918 943 945
3156 1219 945 931 919 944 946
3531 1219 920 934 948 921 947 949
3562 1219 921 935 949 933 920 922 948
3593 1219 922 934 921 949
250 1188 923 937 950 924 951
281 1188 924 938 951 936 923 950 952
312 1188 952 937 924 951
2625 1188 940 954 925 953 955
2656 1188 925 941 955 939 926 954 956
2687 1188 926 942 956 940 925 927 955
2718 1188 927 941 926 928 956
3093 1188 930 944 929 931 957
3125 1188 931 945 957 943 930 932 958
3156 1188 932 946 958 944 931 957 959
3187 1188 959 945 932 958 960
3500 1188 948 961 933 962
3531 1188 933 949 962 947 934 961 963
3562 1188 934 963 948 933 935 962
250 1157 936 951 937 964
281 1157 937 952 964 950 936 938 965
312 1157 938 965 951 937 964 966
2593 1157 954 968 939 967 969
2625 1157 939 955 969 953 940 968 970
2656 1157 940 956 970 954 939 941 969
2687 1157 941 955 940 942 970
3125 1157 944 958 943 945 971
3156 1157 945 959 971 957 944 946 972
3187 1157 946 960 972 958 945 971 973
3218 1157 973 959 946 972 974
3500 1157 947 962 976 948 975 977
3531 1157 948 963 977 961 947 949 976
3562 1157 949 962 948 977
281 1125 951 965 978 950 952 979
312 1125 952 966 979 964 951 978 980
343 1125 980 965 952 979
2562 1125 968 982 953 981 983
2593 1125 953 969 983 967 954 982 984
2625 1125 954 970 984 968 953 955 983
2656 1125 955 969 954 956 984
3156 1125 958 972 957 959 985
3187 1125 959 973 985 971 958 960 986
3218 1125 960 974 986 972 959 985 987
3250 1125 987 973 960 986 988
3468 1125 976 989 961 990
3500 1125 961 977 990 975 962 989 991
3531 1125 962 991 976 961 963 990
281 1094 964 979 965 992
312 1094 965 980 992 978 964 966 993
343 1094 966 993 979 965 992 994
2531 1094 982 996 967 995 997
2562 1094 967 983 997 981 968 996 998
2593 1094 968 984 998 982 967 969 997
2625 1094 969 983 968 970 998
3187 1094 972 986 971 973 999
3218 1094 973 987 999 985 972 974 1000
3250 1094 974 988 1000 986 973 999 1001
3281 1094 1001 987 974 1000 1002
3468 1094 975 990 1004 976 1003 1005
3500 1094 976 991 1005 989 975 977 1004
3531 1094 977 990 976 1005
312 1063 979 993 1006 978 980 1007
343 1063 980 994 1007 992 979 1006 1008
375 1063 1008 993 980 1007
2500 1063 996 1010 981 1009 1011
2531 1063 981 997 1011 995 982 1010 1012
2562 1063 982 998 1012 996 981 983 1011
2593 1063 983 997 982 984 1012
3218 1063 986 1000 985 987 1013
3250 1063 987 1001 1013 999 986 988 1014
3281 1063 988 1002 1014 1000 987 1013 1015
3312 1063 1015 1001 988 1014 1016
3437 1063 1004 1017 989 1018
3468 1063 989 1005 1018 1003 990 1017 1019
3500 1063 990 1019 1004 989 991 1018
312 1032 992 1007 993 1020
343 1032 993 1008 1020 1006 992 994 1021
375 1032 994 1021 1007 993 1020 1022
2468 1032 1010 1024 995 1023 1025
2500 1032 995 1011 1025 1009 996 1024 1026
2531 1032 996 1012 1026 1010 995 997 1025
2562 1032 997 1011 996 998 1026
3250 1032 1000 1014 999 1001 1027
3281 1032 1001 1015 1027 1013 1000 1002 1028
3312 1032 1002 1016 1028 1014 1001 1027 1029
3343 1032 1029 1015 1002 1028 1030
3437 1032 1003 1018 1032 1004 1031 1033
3468 1032 1004 1019 1033 1017 1003 1005 1032
3500 1032 1005 1018 1004 1033
343 1000 1007 1021 1034 1006 1008 1035
375 1000 1008 1022 1035 1020 1007 1034 1036
406 1000 1036 1021 1008 1035
2437 1000 1024 1038 1009 1037 1039
2468 1000 1009 1025 1039 1023 1010 1038 1040
2500 1000 1010 1026 1040 1024 1009 1011 1039
2531 1000 1011 1025 1010 1012 1040
3281 1000 1014 1028 1013 1015 1041
3312 1000 1015 1029 1041 1027 1014 1016 1042
3343 1000 1016 1030 1042 1028 1015 1041 1043
3375 1000 1031 1043 1029 1016 1042 1044
3406 1000 1032 1044 1030 1017 1043 1045
3437 1000 1017 1033 1045 1031 1018 1044 1046
3468 1000 1018 1046 1032 1017 1019 1045
343 969 1020 1035 1021 1047
375 969 1021 1036 1047 1034 1020 1022 1048
406 969 1022 1048 1035 1021 1047 1049
2406 969 1038 1051 1023 1050 1052
2437 969 1023 1039 1052 1037 1024 1051 1053
2468 969 1024 1040 1053 1038 1023 1025 1052
2500 969 1025 1039 1024 1026 1053
3312 969 1028 1042 1027 1029
3343 969 1029 1043 1041 1028 1030
3375 969 1030 1044 1042 1029 1031
3406 969 1031 1045 1043 1030 1032 1054
3437 969 1032 1046 1054 1044 1031 1033 1055
3468 969 1033 1055 1045 1032 1054 1056
375 938 1035 1048 1057 1034 1036 1058
406 938 1036 1049 1058 1047 1035 1057 1059
437 938 1059 1048 1036 1058
2375 938 1051 1061 1037 1060 1062
2406 938 1037 1052 1062 1050 1038 1061 1063
2437 938 1038 1053 1063 1051 1037 1039 1062
2468 938 1039 1052 1038 1040 1063
3437 938 1045 1055 1064 1044 1046 1065
3468 938 1046 1056 1065 1054 1045 1064 1066
3500 938 1066 1055 1046 1065
375 907 1047 1058 1048 1067
406 907 1048 1059 1067 1057 1047 1049 1068
437 907 1049 1068 1058 1048 1067 1069
2343 907 1061 1071 1050 1070 1072
2375 907 1050 1062 1072 1060 1051 1071 1073
2406 907 1051 1063 1073 1061 1050 1052 1072
2437 907 1052 1062 1051 1053 1073
3437 907 1054 1065 1055 1074
3468 907 1055 1066 1074 1064 1054 1056 1075
3500 907 1056 1075 1065 1055 1074 1076
406 875 1058 1068 1077 1057 1059 1078
437 875 1059 1069 1078 1067 1058 1077 1079
468 875 1079 1068 1059 1078
2312 875 1071 1081 1060 1080 1082
2343 875 1060 1072 1082 1070 1061 1081 1083
2375 875 1061 1073 1083 1071 1060 1062 1082
2406 875 1062 1072 1061 1063 1083
3468 875 1065 1075 1084 1064 1066 1085
3500 875 1066 1076 1085 1074 1065 1084 1086
3531 875 1086 1075 1066 1085
406 844 1067 1078 1068 1087
437 844 1068 1079 1087 1077 1067 1069 1088
468 844 1069 1088 1078 1068 1087 1089
2281 844 1081 1091 1070 1090 1092
2312 844 1070 1082 1092 1080 1071 1091 1093
2343 844 1071 1083 1093 1081 1070 1072 1092
2375 844 1072 1082 1071 1073 1093
3468 844 1074 1085 1075 1094
3500 844 1075 1086 1094 1084 1074 1076 1095
3531 844 1076 1095 1085 1075 1094 1096
437 813 1078 1088 1097 1077 1079 1098
468 813 1079 1089 1098 1087 1078 1097 1099
500 813 1099 1088 1079 1098
2250 813 1091 1101 1080 1100 1102
2281 813 1080 1092 1102 1090 1081 1101 1103
2312 813 1081 1093 1103 1091 1080 1082 1102
2343 813 1082 1092 1081 1083 1103
3500 813 1085 1095 1104 1084 1086 1105
3531 813 1086 1096 1105 1094 1085 1104 1106
3562 813 1106 1095 1086 1105
437 782 1087 1098 1088 1107
468 782 1088 1099 1107 1097 1087 1089 1108
500 782 1089 1108 1098 1088 1107 1109
2218 782 1101 1111 1090 1110 1112
2250 782 1090 1102 1112 1100 1091 1111 1113
2281 782 1091 1103 1113 1101 1090 1092 1112
2312 782 1092 1102 1091 1093 1113
3500 782 1094 1105 1095 1114
3531 782 1095 1106 1114 1104 1094 1096 1115
3562 782 1096 1115 1105 1095 1114 1116
468 750 1098 1108 1117 1097 1099 1118
500 750 1099 1109 1118 1107 1098 1117 1119
531 750 1119 1108 1099 1118
2187 750 1111 1121 1100 1120 1122
2218 750 1100 1112 1122 1110 1101 1121 1123
2250 750 1101 1113 1123 1111 1100 1102 1122
2281 750 1102 1112 1101 1103 1123
3531 750 1105 1115 1124 1104 1106 1125
3562 750 1106 1116 1125 1114 1105 1124 1126
3593 750 1126 1115 1106 1125
468 719 1107 1118 1108 1127
500 719 1108 1119 1127 1117 1107 1109 1128
531 719 1109 1128 1118 1108 1127 1129
2156 719 1121 1131 1110 1130 1132
2187 719 1110 1122 1132 1120 1111 1131 1133
2218 719 1111 1123 1133 1121 1110 1112 1132
2250 719 1112 1122 1111 1113 1133
3531 719 1114 1125 1115 1134
3562 719 1115 1126 1134 1124 1114 1116 1135
3593 719 1116 1135 1125 1115 1134 1136
500 688 1118 1128 1137 1117 1119 1138
531 688 1119 1129 1138 1127 1118 1137 1139
562 688 1139 1128 1119 1138
2125 688 1131 1140 1120 1141
2156 688 1120 1132 1141 1130 1121 1140 1142
2187 688 1121 1133 1142 1131 1120 1122 1141
2218 688 1122 1132 1121 1123 1142
3562 688 1125 1135 1143 1124 1126 1144
3593 688 1126 1136 1144 1134 1125 1143 1145
3625 688 1145 1135 1126 1144
500 657 1127 1138 1128 1146
531 657 1128 1139 1146 1137 1127 1129 1147
562 657 1129 1147 1138 1128 1146 1148
2125 657 1130 1141 1149 1131 1150
2156 657 1131 1142 1150 1140 1130 1132 1149
2187 657 1132 1141 1131 1133 1150
3562 657 1134 1144 1151 1135 1152
3593 657 1135 1145 1152 1143 1134 1136 1151 1153
3625 657 1136 1153 1144 1135 1152
531 625 1138 1147 1154 1137 1139 1155
562 625 1139 1148 1155 1146 1138 1154 1156
593 625 1156 1147 1139 1155 1157
2125 625 1140 1150 1159 1141 1160
2156 625 1141 1160 1149 1140 1142 1159
3562 625 1143 1152 1162 1144 1161 1163
3593 625 1144 1153 1163 1151 1143 1145 1162
3625 625 1145 1152 1144 1163
531 594 1146 1155 1164 1147 1165
562 594 1147 1156 1165 1154 1146 1148 1164 1166
593 594 1148 1157 1166 1155 1147 1165 1167
625 594 1158 1167 1156 1148 1166 1168
656 594 1168 1157 1167 1169
2125 594 1149 1160 1171 1150 1172
2156 594 1150 1172 1159 1149 1171
3531 594 1162 1173 1151 1174
3562 594 1151 1163 1174 1161 1152 1173 1175
3593 594 1152 1175 1162 1151 1153 1174
531 563 1154 1165 1155 1176
562 563 1155 1166 1164 1154 1156
593 563 1156 1167 1165 1155 1157 1177
625 563 1157 1168 1177 1166 1156 1158 1178
656 563 1158 1169 1178 1167 1157 1177 1179
687 563 1170 1179 1168 1158 1178 1180
718 563 1180 1169 1179 1181
2125 563 1159 1172 1183 1160 1184
2156 563 1160 1184 1171 1159 1183
3531 563 1161 1174 1186 1162 1185 1187
3562 563 1162 1175 1187 1173 1161 1163 1186
3593 563 1163 1174 1162 1187
500 532 1164 1188
625 532 1167 1178 1166 1168
656 532 1168 1179 1177 1167 1169 1189
687 532 1169 1180 1189 1178 1168 1170 1190
718 532 1170 1181 1190 1179 1169 1189 1191
750 532 1182 1191 1180 1170 1190 1192
781 532 1192 1181 1191 1193
2125 532 1171 1184 1196 1172 1195 1197
2156 532 1172 1197 1183 1171 1196
3500 532 1186 1199 1173 1198 1200
3531 532 1173 1187 1200 1185 1174 1199 1201
3562 532 1174 1201 1186 1173 1175 1200
468 500 1176 1202
687 500 1179 1190 1178 1180
718 500 1180 1191 1189 1179 1181 1203
750 500 1181 1192 1203 1190 1180 1182 1204
781 500 1182 1193 1204 1191 1181 1203 1205
812 500 1194 1205 1192 1182 1204 1206
843 500 1206 1193 1205 1207
2093 500 1196 1211 1183 1210 1212
2125 500 1183 1197 1212 1195 1184 1211 1213
2156 500 1184 1213 1196 1183 1212 1214
3468 500 1199 1218 1185 1217 1219
3500 500 1185 1200 1219 1198 1186 1218 1220
3531 500 1186 1201 1220 1199 1185 1187 1219
3562 500 1187 1200 1186 1220
437 469 1188 1221
750 469 1191 1204 1190 1192
781 469 1192 1205 1203 1191 1193 1222
812 469 1193 1206 1222 1204 1192 1194 1223
843 469 1194 1207 1223 1205 1193 1222 1224
875 469 1208 1224 1206 1194 1223 1225
906 469 1225 1207 1224 1226
2031 469 1210 1230 1229 1231
2062 469 1211 1231 1209 1195 1230 1232
2093 469 1195 1212 1232 1210 1196 1231 1233
2125 469 1196 1213 1233 1211 1195 1197 1232 1234
2156 469 1197 1214 1234 1212 1196 1233 1235
2187 469 1215 1235 1213 1197 1234 1236
2218 469 1236 1214 1235 1237
3406 469 1217 1241 1240 1242
3437 469 1218 1242 1216 1198 1241 1243
3468 469 1198 1219 1243 1217 1199 1242 1244
3500 469 1199 1220 1244 1218 1198 1200 1243
3531 469 1200 1219 1199 1201 1244 1245
406 438 1202 1246
812 438 1205 1223 1204 1206
843 438 1206 1224 1222 1205 1207 1247
875 438 1207 1225 1247 1223 1206 1208 1248
906 438 1208 1226 1248 1224 1207 1247 1249
937 438 1227 1249 1225 1208 1248 1250
968 438 1250 1226 1249 1251
1968 438 1229 1255 1254 1256
2000 438 1230 1256 1228 1209 1255 1257
2031 438 1209 1231 1257 1229 1210 1256 1258
2062 438 1210 1232 1258 1230 1209 1211 1257
2093 438 1211 1233 1231 1210 1212 1258
2125 438 1212 1234 1232 1211 1213
2156 438 1213 1235 1233 1212 1214 1259
2187 438 1214 1236 1259 1234 1213 1215 1260
2218 438 1215 1237 1260 1235 1214 1259 1261
2250 438 1238 1261 1236 1215 1260 1262
2281 438 1262 1237 1261 1263
3343 438 1240 1267 1266 1268
3375 438 1241 1268 1239 1216 1267 1269
3406 438 1216 1242 1269 1240 1217 1268 1270
3437 438 1217 1243 1270 1241 1216 1218 1269
3468 438 1218 1244 1242 1217 1219 1270
3500 438 1219 1243 1218 1220
3562 438 1220 1271
375 407 1221 1272
875 407 1224 1248 1223 1225
906 407 1225 1249 1247 1224 1226 1273
937 407 1226 1250 1273 1248 1225 1227 1274
968 407 1227 1251 1274 1249 1226 1273 1275
1000 407 1252 1275 1250 1227 1274 1276
1031 407 1276 1251 1275 1277
1906 407 1254 1281 1280 1282
1937 407 1255 1282 1253 1228 1281 1283
1968 407 1228 1256 1283 1254 1229 1282 1284
2000 407 1229 1257 1284 1255 1228 1230 1283
2031 407 1230 1258 1256 1229 1231 1284
2062 407 1231 1257 1230 1232
2187 407 1235 1260 1234 1236
2218 407 1236 1261 1259 1235 1237 1285
2250 407 1237 1262 1285 1260 1236 1238 1286
2281 407 1238 1263 1286 1261 1237 1285 1287
2312 407 1264 1287 1262 1238 1286 1288
2343 407 1288 1263 1287 1289
3281 407 1266 1293 1292 1294
3312 407 1267 1294 1265 1239 1293 1295
3343 407 1239 1268 1295 1266 1240 1294 1296
3375 407 1240 1269 1296 1267 1239 1241 1295
3406 407 1241 1270 1268 1240 1242 1296
3437 407 1242 1269 1241 1243
3593 407 1245 1297
343 375 1246 1298
937 375 1249 1274 1248 1250
968 375 1250 1275 1273 1249 1251 1299
1000 375 1251 1276 1299 1274 1250 1252 1300
1031 375 1252 1277 1300 1275 1251 1299 1301
1062 375 1278 1301 1276 1252 1300 1302
1093 375 1302 1277 1301 1303
1843 375 1280 1307 1306 1308
1875 375 1281 1308 1279 1253 1307 1309
1906 375 1253 1282 1309 1280 1254 1308 1310
1937 375 1254 1283 1310 1281 1253 1255 1309
1968 375 1255 1284 1282 1254 1256 1310
2000 375 1256 1283 1255 1257
2250 375 1261 1286 1260 1262
2281 375 1262 1287 1285 1261 1263 1311
2312 375 1263 1288 1311 1286 1262 1264 1312
2343 375 1264 1289 1312 1287 1263 1311 1313
2375 375 1290 1313 1288 1264 1312 1314
2406 375 1314 1289 1313 1315
3218 375 1292 1319 1318 1320
3250 375 1293 1320 1291 1265 1319 1321
3281 375 1265 1294 1321 1292 1266 1320 1322
3312 375 1266 1295 1322 1293 1265 1267 1321
3343 375 1267 1296 1294 1266 1268 1322
3375 375 1268 1295 1267 1269
3625 375 1271 1323
312 344 1272 1324
1000 344 1275 1300 1274 1276
1031 344 1276 1301 1299 1275 1277 1325
1062 344 1277 1302 1325 1300 1276 1278 1326
1093 344 1278 1303 1326 1301 1277 1325 1327
1125 344 1304 1327 1302 1278 1326 1328
1156 344 1328 1303 1327 1329
1781 344 1306 1348 1347 1349
1812 344 1307 1349 1305 1279 1348 1350
1843 344 1279 1308 1350 1306 1280 1349 1351
1875 344 1280 1309 1351 1307 1279 1281 1350
1906 344 1281 1310 1308 1280 1282 1351
1937 344 1282 1309 1281 1283
2312 344 1287 1312 1286 1288
2343 344 1288 1313 1311 1287 1289 1352
2375 344 1289 1314 1352 1312 1288 1290 1353
2406 344 1290 1315 1353 1313 1289 1352 1354
2437 344 1316 1354 1314 1290 1353 1355
2468 344 1355 1315 1354 1356
3156 344 1318 1360 1359 1361
3187 344 1319 1361 1317 1291 1360 1362
3218 344 1291 1320 1362 1318 1292 1361 1363
3250 344 1292 1321 1363 1319 1291 1293 1362
3281 344 1293 1322 1320 1292 1294 1363
3312 344 1294 1321 1293 1295
3656 344 1297 1364
281 313 1298 1365
1062 313 1301 1326 1300 1302
1093 313 1302 1327 1325 1301 1303 1366
1125 313 1303 1328 1366 1326 1302 1304 1367
1156 313 1304 1329 1367 1327 1303 1366 1368
1187 313 1330 1368 1328 1304 1367 1369
1218 313 1331 1369 1329 1368 1370
1250 313 1332 1370 1330 1369 1371
1281 313 1333 1371 1331 1370 1372
1312 313 1334 1372 1332 1371 1373
1343 313 1335 1373 1333 1372 1374
1375 313 1336 1374 1334 1373 1375
1406 313 1337 1375 1335 1374 1376
1437 313 1338 1376 1336 1375 1377
1468 313 1339 1377 1337 1376 1378
1500 313 1340 1378 1338 1377 1379
1531 313 1341 1379 1339 1378 1380
1562 313 1342 1380 1340 1379 1381
1593 313 1343 1381 1341 1380 1382
1625 313 1344 1382 1342 1381 1383
1656 313 1345 1383 1343 1382 1384
1687 313 1346 1384 1344 1383 1385
1718 313 1347 1385 1345 1384 1386
1750 313 1348 1386 1346 1305 1385 1387
1781 313 1305 1349 1387 1347 1306 1386 1388
1812 313 1306 1350 1388 1348 1305 1307 1387
1843 313 1307 1351 1349 1306 1308 1388
1875 313 1308 1350 1307 1309
2375 313 1313 1353 1312 1314
2406 313 1314 1354 1352 1313 1315 1389
2437 313 1315 1355 1389 1353 1314 1316 1390
2468 313 1316 1356 1390 1354 1315 1389 1391
2500 313 1357 1391 1355 1316 1390 1392
2531 313 1392 1356 1391 1393
3093 313 1359 1397 1396 1398
3125 313 1360 1398 1358 1317 1397 1399
3156 313 1317 1361 1399 1359 1318 1398 1400
3187 313 1318 1362 1400 1360 1317 1319 1399
3218 313 1319 1363 1361 1318 1320 1400
3250 313 1320 1362 1319 1321
3687 313 1323 1401
250 282 1324
1125 282 1327 1367 1326 1328
1156 282 1328 1368 1366 1327 1329
1187 282 1329 1369 1367 1328 1330
1218 282 1330 1370 1368 1329 1331
1250 282 1331 1371 1369 1330 1332
1281 282 1332 1372 1370 1331 1333
1312 282 1333 1373 1371 1332 1334
1343 282 1334 1374 1372 1333 1335
1375 282 1335 1375 1373 1334 1336
1406 282 1336 1376 1374 1335 1337
1437 282 1337 1377 1375 1336 1338
1468 282 1338 1378 1376 1337 1339
1500 282 1339 1379 1377 1338 1340
1531 282 1340 1380 1378 1339 1341
1562 282 1341 1381 1379 1340 1342
1593 282 1342 1382 1380 1341 1343
1625 282 1343 1383 1381 1342 1344
1656 282 1344 1384 1382 1343 1345
1687 282 1345 1385 1383 1344 1346
1718 282 1346 1386 1384 1345 1347
1750 282 1347 1387 1385 1346 1348
1781 282 1348 1388 1386 1347 1349
1812 282 1349 1387 1348 1350
2437 282 1354 1390 1353 1355
2468 282 1355 1391 1389 1354 1356
2500 282 1356 1392 1390 1355 1357
2531 282 1357 1393 1391 1356
2562 282 1394 1392 1357
2593 282 1393
3031 282 1396
3062 282 1397 1395 1358
3093 282 1358 1398 1396 1359
3125 282 1359 1399 1397 1358 1360
3156 282 1360 1400 1398 1359 1361
3187 282 1361 1399 1360 1362
3718 282 1364
